0 144
1 81
2 83
3 138
4 124
5 149
6 63
7 112
8 74
9 27
10 88
11 12
12 40
13 117
14 70
15 60
16 41
17 1
18 4
19 166
20 75
21 96
22 142
23 90
24 125
25 164
26 136
27 0
28 69
29 71
30 139
31 159
32 160
33 26
34 129
35 105
36 9
37 72
38 11
39 19
40 103
41 56
42 30
43 5
44 167
45 47
46 107
47 28
48 35
49 65
50 130
51 156
52 141
53 101
54 59
55 49
56 132
57 32
58 64
59 165
60 17
61 122
62 8
63 134
64 61
65 162
66 86
67 109
68 10
69 150
70 113
71 50
72 133
73 161
74 126
75 57
76 66
77 93
78 43
79 78
80 36
81 21
82 2
83 77
84 94
85 58
86 6
87 118
88 34
89 48
90 84
91 104
92 7
93 13
94 158
95 119
96 85
97 148
98 23
99 33
100 153
101 145
102 116
