80
1 14
2 14
2 37
2 75
3 5
3 25
3 27
3 28
3 33
3 37
3 40
3 44
3 46
3 54
3 57
3 60
3 63
3 69
3 73
4 7
4 9
4 19
4 34
4 47
4 50
4 66
4 68
4 72
4 79
5 10
5 17
5 20
5 22
5 28
5 37
5 39
6 16
6 28
6 35
6 37
6 48
6 55
6 57
6 58
6 72
7 9
7 15
7 19
7 34
7 38
7 47
7 50
7 66
7 68
7 72
7 79
8 56
8 72
9 15
9 19
9 28
9 34
9 35
9 37
9 38
9 47
9 50
9 66
9 68
9 72
9 79
10 17
10 20
10 22
10 37
10 39
11 42
11 72
12 14
13 43
14 24
14 32
14 37
14 41
14 65
14 75
14 80
15 19
15 23
15 26
15 29
15 33
15 34
15 37
15 38
15 48
15 57
15 59
15 66
15 68
15 72
15 76
15 77
15 79
16 35
16 48
16 55
16 57
16 58
16 72
17 20
17 22
17 37
17 39
18 44
18 48
18 57
19 34
19 38
19 47
19 50
19 66
19 68
19 72
19 79
20 22
20 37
20 39
22 37
22 39
23 77
25 27
25 33
25 40
25 63
25 69
25 73
26 29
26 59
26 77
27 33
27 40
27 63
27 69
27 73
28 30
28 31
28 35
28 37
28 43
28 44
28 46
28 55
28 57
28 58
28 59
28 64
28 72
29 36
29 37
29 45
29 59
29 77
30 37
30 59
31 37
33 40
33 59
33 63
33 69
33 73
34 38
34 47
34 48
34 50
34 66
34 68
34 72
34 79
35 37
35 44
35 48
35 55
35 57
35 58
37 39
37 43
37 44
37 46
37 53
37 55
37 57
37 58
37 59
37 60
37 61
37 62
37 64
37 66
37 67
37 70
37 72
37 75
37 77
37 78
38 48
38 52
38 66
38 68
38 72
38 79
40 63
40 69
40 73
42 72
43 78
44 48
44 55
44 57
44 58
44 59
44 74
45 76
46 54
47 66
47 72
48 55
48 57
48 58
50 66
50 68
50 72
50 79
51 57
55 57
55 58
55 72
57 58
57 59
57 72
57 76
58 72
59 64
59 77
63 69
63 73
66 68
66 72
66 79
68 72
68 79
69 73
72 79
74 77

