103
98 123 5
98 23 4
98 145 3
98 32 4
98 28 4
34 74 4
34 88 3
34 129 5
34 108 5
35 143 3
35 105 4
35 155 4
35 47 5
68 140 3
68 10 5
68 97 4
68 36 5
72 83 4
72 145 4
72 133 5
72 129 3
72 104 4
72 153 4
69 145 5
69 32 3
69 121 4
69 150 5
69 22 3
19 116 4
19 2 4
19 156 4
19 166 5
23 149 2
23 29 4
23 90 5
23 108 4
23 12 2
92 160 1
92 140 3
92 7 5
92 36 1
92 151 4
92 23 3
92 132 4
92 16 3
92 81 1
92 20 3
92 92 3
92 59 3
92 102 1
92 114 3
92 153 1
92 22 3
92 76 4
92 127 1
81 147 3
81 98 4
81 21 5
81 49 4
87 40 4
87 57 3
87 118 5
87 130 4
87 166 5
78 40 5
78 57 4
78 14 2
78 43 5
6 1 4
6 41 4
6 116 3
6 11 5
6 65 2
6 101 2
6 63 5
6 156 5
6 34 4
6 68 3
6 38 2
6 4 2
102 116 5
102 48 4
102 156 4
102 166 4
102 4 4
38 142 5
38 11 4
38 65 3
38 60 4
13 151 3
13 117 5
13 8 4
13 35 4
10 88 5
10 129 4
10 29 4
10 12 4
37 7 4
37 72 5
37 137 4
37 128 1
39 6 4
39 19 5
39 146 2
39 152 4
60 86 1
60 56 4
60 71 1
60 31 2
60 130 5
60 17 4
89 116 5
89 142 4
89 48 4
89 34 4
64 27 2
64 19 3
64 146 1
64 152 4
64 61 5
14 45 3
14 163 4
14 0 3
14 8 4
14 52 5
14 144 4
14 35 5
14 70 5
14 104 3
14 153 4
14 150 3
48 144 4
48 35 5
48 104 5
48 42 3
59 165 5
59 132 4
59 63 3
59 93 4
88 116 3
88 101 4
88 34 5
88 166 4
75 73 3
75 135 4
75 57 5
75 113 5
75 63 3
75 148 3
75 30 2
75 31 2
75 134 4
53 164 3
53 113 3
53 112 4
53 101 4
53 122 5
53 30 2
53 130 3
18 142 3
18 122 3
18 18 5
18 63 4
18 4 5
76 66 5
76 73 4
76 34 5
76 166 3
33 57 5
33 113 3
33 101 4
33 26 4
33 118 3
33 134 3
45 81 4
45 59 4
45 21 3
45 131 3
45 47 5
11 88 4
11 89 1
11 29 3
11 90 3
11 49 4
11 12 5
62 7 2
62 163 5
62 85 2
62 8 5
62 52 3
62 144 5
62 35 5
0 163 4
0 0 5
0 8 3
0 144 4
0 35 4
0 29 3
21 151 3
21 96 5
21 120 4
21 138 4
80 33 4
80 36 5
80 102 4
80 137 4
8 74 5
8 129 4
8 29 3
8 12 4
94 147 3
94 167 4
94 153 4
94 158 3
94 109 5
40 77 4
40 50 4
40 103 5
40 109 4
41 97 5
41 56 4
41 131 3
41 93 4
70 40 4
70 124 1
70 113 5
70 122 4
24 125 4
24 110 2
24 11 4
24 126 5
24 118 4
82 40 3
82 3 2
82 71 5
82 9 5
82 2 4
82 55 2
9 75 2
9 27 5
9 19 4
9 152 4
50 135 3
50 57 4
50 122 3
50 130 5
50 34 4
36 66 2
36 124 4
36 65 2
36 71 5
36 9 5
36 34 5
36 166 4
97 56 4
97 26 2
97 148 5
97 130 4
66 86 4
66 30 4
66 130 5
66 17 2
12 40 5
12 157 4
12 73 4
12 135 4
12 57 4
12 122 1
12 134 4
12 91 4
12 161 1
31 99 2
31 161 5
31 159 4
31 93 4
71 77 4
71 33 3
71 37 5
71 50 4
71 95 3
17 115 3
17 1 5
17 63 3
17 31 5
17 80 4
32 160 5
32 45 2
32 121 1
32 82 4
32 62 4
83 77 5
83 107 4
83 145 1
83 32 4
26 136 5
26 107 4
26 104 2
26 153 3
26 109 5
54 36 5
54 24 2
54 59 5
54 58 4
46 154 4
46 151 2
46 136 4
46 107 3
46 109 5
46 28 3
100 147 4
100 136 3
100 153 5
100 109 3
100 62 4
47 77 4
47 154 4
47 36 3
47 147 4
47 107 5
47 145 3
47 32 3
47 137 2
47 131 3
47 109 3
47 28 5
47 62 5
57 107 4
57 145 4
57 32 5
57 39 3
57 131 1
57 109 2
27 163 4
27 0 5
27 44 4
27 8 3
96 147 1
96 163 4
96 0 3
96 85 5
96 8 4
96 35 5
1 33 4
1 151 5
1 81 4
1 82 1
2 83 5
2 25 4
2 149 4
2 120 4
2 129 3
5 149 5
5 88 4
5 90 2
5 49 5
55 149 1
55 129 4
55 49 4
55 12 5
91 111 4
91 154 5
91 104 5
91 158 4
91 109 5
73 71 5
73 63 4
73 34 3
73 161 5
42 157 4
42 101 1
42 118 5
42 30 4
42 166 3
86 139 3
86 94 4
86 75 4
86 6 5
65 46 1
65 110 4
65 54 4
65 126 1
65 162 5
29 57 5
29 65 1
29 71 5
29 9 4
29 100 3
29 60 2
4 124 5
4 122 4
4 71 3
4 34 5
7 142 4
7 112 5
7 13 4
7 34 4
25 164 4
25 57 3
25 156 3
25 34 5
25 134 4
74 46 1
74 164 4
74 110 4
74 126 5
56 165 1
56 132 5
56 63 4
56 93 5
30 139 5
30 78 4
30 75 4
30 19 3
30 146 3
22 142 5
22 112 3
22 118 5
22 130 5
22 141 4
22 161 4
22 166 4
22 68 3
101 160 4
101 23 1
101 145 5
101 32 4
93 116 5
93 65 3
93 13 4
93 34 4
79 139 4
79 78 5
79 146 1
79 84 4
49 116 5
49 142 5
49 65 4
49 112 5
49 18 4
63 40 4
63 157 3
63 73 3
63 135 4
63 57 5
63 101 3
63 122 4
63 118 4
63 34 4
63 134 5
63 93 4
85 67 4
85 58 4
85 118 2
85 76 5
95 142 5
95 119 4
95 65 5
95 112 5
95 18 5
95 100 3
95 43 5
95 93 5
44 53 4
44 167 5
44 3 4
44 106 1
44 15 3
16 41 4
16 119 3
16 65 4
16 166 5
16 55 3
43 97 4
43 132 5
43 5 4
43 114 3
43 93 3
52 40 1
52 122 1
52 141 4
52 43 4
52 161 5
61 135 4
61 57 4
61 122 5
61 79 1
99 87 2
99 33 5
99 36 4
99 96 4
28 77 4
28 136 4
28 69 3
28 145 4
28 150 5
3 138 5
58 155 4
58 26 4
58 64 5
58 93 2
90 139 4
90 78 4
90 6 3
90 84 5
15 142 3
15 65 4
15 112 3
15 101 1
15 122 4
15 60 5
15 48 2
77 40 3
77 168 3
77 132 3
77 101 4
77 122 4
77 93 5
51 122 4
51 100 3
51 156 5
51 4 4
67 77 4
67 154 1
67 151 1
67 147 4
67 104 3
67 109 5
84 139 4
84 94 5
84 75 3
84 6 4
20 51 5
20 75 4
20 6 4
20 146 3
