169 59
143 6
40 45
157 45
66 2
168 14
160 24
46 28
164 21
105 28
125 28
115 6
51 54
140 29
73 45
123 56
135 45
124 28
7 16
165 14
1 2
41 2
67 28
139 54
99 30
116 15
57 45
83 29
77 34
87 39
74 26
111 3
45 3
33 17
154 14
10 14
86 4
97 14
36 35
151 35
147 35
163 35
0 35
96 7
25 7
44 0
23 10
136 24
142 14
14 36
132 36
107 24
117 0
69 7
24 43
113 21
110 21
16 56
11 51
98 5
149 5
81 39
20 58
5 19
119 12
65 12
112 12
92 5
53 27
13 38
101 53
88 26
167 27
122 53
145 0
32 0
121 0
18 22
3 27
59 39
155 21
56 55
106 55
102 41
58 41
72 41
39 0
137 41
85 41
8 23
54 21
82 24
52 23
144 23
35 23
78 54
114 36
71 25
37 39
94 54
26 4
15 4
70 46
126 31
75 47
162 21
21 16
79 32
120 46
64 1
118 1
133 46
9 25
63 42
89 16
129 8
100 22
2 22
148 22
30 22
31 22
60 49
130 27
29 20
90 20
108 20
49 20
27 33
128 48
131 48
48 48
138 48
104 44
153 44
150 34
156 52
47 56
42 56
22 44
50 44
17 4
95 44
76 39
103 39
158 3
127 3
34 40
134 45
109 34
91 45
28 43
141 30
43 30
161 30
6 18
19 33
146 9
80 2
84 13
159 6
152 57
61 57
166 37
62 41
55 50
68 50
38 50
93 11
4 42
12 26
